                                          max_temp: long form, 2 rows per date                                          

  Obs  YEAR  MONTH        DATE  REGION  MAX_TEMP
    1  2023      1  2023-01-01       1        13
    2  2023      1  2023-01-01       2      19.8
    3  2023      1  2023-01-02       1      12.1
    4  2023      1  2023-01-02       2      19.4
    5  2023      1  2023-01-03       1        11
    6  2023      1  2023-01-03       2      21.4
    7  2023      1  2023-01-04       1        11
    8  2023      1  2023-01-04       2      19.5
    9  2023      1  2023-01-05       1      10.6
   10  2023      1  2023-01-05       2      20.4
   11  2023      1  2023-01-06       1       9.9
   12  2023      1  2023-01-06       2      21.7
   13  2023      1  2023-01-07       1      10.4
   14  2023      1  2023-01-07       2      19.4
   15  2023      1  2023-01-08       1      12.5

... 41 more observations (showing 15 of 56)

                                                monthly summary by city                                                 

                                                  The MEANS Procedure                                                   

                                Analysis Variable : maximum temperature (degree Celsius)                                

        Month     Region             Mean        Minimum        Maximum
        ---------------------------------------------------------------
        1         1                 11.85           9.90          14.20
        1         2                 21.93          19.40          25.40
        2         1                 10.45           7.80          13.10
        2         2                 20.20          17.20          23.20
        3         1                 18.65          17.90          19.40
        3         2                 23.80          23.50          24.10
        4         1                 20.65          18.00          23.30
        4         2                 25.15          24.30          26.00
        5         1                 20.30          18.10          22.50
        5         2                 24.95          24.60          25.30
        6         1                 25.15          24.10          26.20
        6         2                 27.30          26.60          28.00
        7         1                 32.27          27.80          36.10
        7         2                 31.90          30.90          32.80
        ---------------------------------------------------------------

